type: pick
vec_pos:
  A: [-0.00043208870341698846, -0.00971189002745592, 0.017595067490765455]
  abb_yumi_base_link: [0.483876708984375, 0.11994969940185547, 0.04883462142944336]
  marker_61: [-0.0620067166113845, -0.14325055627768038, 0.14455531091569934]
vec_quat:
  A: [-0.6881250173222265, 0.7242849356756322, -0.03500221938759721, -0.02588700690642297]
  abb_yumi_base_link: [0.7608450035945968, -0.647524474419304, 0.014900459870393717,
    0.0400613508108847]
  marker_61: [0.34478979066600296, 0.5532107817937895, 0.4334890717384406, 0.622225888116963]
