type: drop
vec_pos:
  A: [-0.004652523439841794, -0.005468740157211355, 0.016708348874361012]
  abb_yumi_base_link: [0.59214990234375, -0.09123078155517578, 0.10472899627685547]
  marker_61: [-0.061191244495462836, 0.012348686951495103, -0.04014370066197137]
vec_quat:
  A: [-0.6975973957420087, 0.7150483350316714, 0.0012814348838182915, -0.04541046076665922]
  abb_yumi_base_link: [-0.5390892992502363, 0.8421204925425172, -0.01412050924974672,
    -0.004051504950681278]
  marker_61: [0.4921642055091295, 0.4775672859923441, 0.5179542470585297, 0.5112995991779237]
