type: pick
vec_pos:
  A: [0.001977553621324457, -0.0017128188083256196, 0.016537565714457712]
  abb_yumi_base_link: [0.41341519165039065, -0.06856694030761719, 0.046833858489990235]
  marker_61: [-0.006480241393725738, 0.14055984625766987, 0.10573962385745395]
vec_quat:
  A: [-0.6993763174527754, 0.7135709982455087, -0.03265269734314871, -0.02495993600391616]
  abb_yumi_base_link: [0.7185566577609218, -0.694401280911016, 0.030437938851881716,
    0.023594968426401144]
  marker_61: [0.475450359938065, 0.48237097077570723, 0.5520243475656194, 0.48634794281709315]
