type: drop
vec_pos:
  A: [-0.0005251906489367464, -0.004914135406488267, 0.015330357742811385]
  abb_yumi_base_link: [0.5442504272460937, 0.07138810729980469, 0.09904736328125]
  marker_61: [-0.04235021913833756, 0.012611176222730242, -0.04465545676754046]
vec_quat:
  A: [-0.6956511414830245, 0.7167480266928394, -0.038118802769369645, -0.029811280762754126]
  abb_yumi_base_link: [0.7373869412013335, -0.6754528823567109, 0.003661490337936543,
    -0.00323977626659683]
  marker_61: [0.4739025200075338, 0.4772343055789159, 0.5263702574856032, 0.5201905142768937]
