type: pick
vec_pos:
  A: [-0.00126548674257293, 0.0020203813359694345, 0.012393747158915062]
  abb_yumi_base_link: [0.45663751220703125, -0.12313189697265625, 0.04763727188110352]
  marker_61: [-0.01951007533337473, 0.12107345819466953, 0.19183573916817065]
vec_quat:
  A: [-0.6845478374301041, 0.7279442018216764, 0.02771942866761485, -0.026891087339703107]
  abb_yumi_base_link: [-0.6892954191457323, 0.7237539971803546, 0.02350731035159633,
    -0.022346880547451993]
  marker_61: [0.6140627472006098, 0.23307711882172194, 0.6934088506406748, 0.29628730150882826]
