type: drop
vec_pos:
  A: [-0.0025899020319636312, -0.001984615421923408, 0.01223839598575914]
  abb_yumi_base_link: [0.54617822265625, 0.12498529815673828, 0.10137010192871093]
  marker_61: [-0.050614525686634965, 0.00039208395871814794, -0.04677516663500386]
vec_quat:
  A: [-0.6962327416363127, 0.7174162225312843, 0.012032081579405041, -0.020716228792731852]
  abb_yumi_base_link: [0.8975375549197357, -0.4400993114337722, -0.023992971266184448,
    0.01277775074267203]
  marker_61: [0.4937591713220912, 0.43550200653673543, 0.5492449865227487, 0.5146550571182845]
